16
71
12
2
30
31
42
43
133
8
46
28
29
43
11
4
259
67
17
10
1
127
9
8
46
59
10
128
60
46
66
60
135
147
115
64
110
143
190
73
57
121
44
31
40
134
7
109
64
26
65
72
55
58
87
166
91
55
5
21
168
41
19
89
20
87
47
108
174
54
62
55
98
4
41
89
56
56
115
83
51
254
0
16
9
30
105
110
19
75
98
99
97
155
65
49
64
136
75
166
34
22
11
106
33
34
62
71
96
137
19
53
2
45
89
108
67
71
153
42
8
2
74
119
66
98
162
140
76
26
41
5
23
181
39
13
78
57
57
86
110
2
127
58
49
40
25
162
53
197
16
25
29
105
1
218
130
124
138
9
19
131
0
10
19
193
72
2
40
115
67
83
15
111
28
57
37
50
40
96
10
69
61
82
62
113
142
29
157
111
2
10
36
31
21
48
94
22
27
106
36
76
90
50
30
21
27
185
211
24
103
118
65
67
78
124
107
32
87
151
15
85
165
165
153
122
105
41
62
33
23
90
39
79
118
10
8
159
9
1
75
96
25
14
10
102
58
194
19
19
42
153
19
239
49
164
33
154
1
16
56
53
51
51
14
52
32
139
3
0
182
132
31
210
95
44
93
59
73
17
96
107
56
37
202
95
2
164
81
137
148
66
3
41
13
7
51
16
78
90
